7344.4328
7413.6322
7279.2449
7274.4002
7447.2238
7450.5126
7319.0032
7278.5022
7450.8048
7482.7210
7414.7973
7446.8986
7274.3401
7298.3739
7374.0693
7399.2315
7278.8366
7326.7008
7405.5225
7436.2934
7275.0128
7271.0338
7438.0307
7394.8321
7270.6099
7326.6428
7271.0530
7270.1319
7402.3321
7434.8889
7274.8517
7311.9952
7414.6134
7421.8695
7282.7037
7361.9144
7386.9792
7430.2904
7282.7811
7286.5024
7386.7322
7466.5005
7474.7346
7419.4743
7267.0465
7330.5562
7526.4641
7426.7075
7278.9424
7283.2043
7419.2635
7442.1567
7287.1127
7283.0947
7422.6986
7383.3640
7283.0617
7339.0787
7475.2280
7995.1397
7274.3900
7407.0536
7431.1696
7422.9829
7279.5397
7267.0086
7414.4048
7510.6925
7263.1196
7323.5714
7423.0398
7418.4518
7291.4060
7279.3423
7263.1894
7295.0437
8115.4489
7446.8480
7267.4206
7322.8152
7462.6520
7550.8110
7278.5011
7262.5465
7459.3549
7498.7870
7295.0477
7275.0147
7478.6910
7506.8951
7279.1661
7294.9028
7490.7162
7419.4751
7223.9792
7341.5790
7470.9868
7483.1929
7282.7996
