5363.6355
5214.3628
5134.6393
5557.0764
5289.0587
5148.4705
5308.3066
5238.2601
5157.2938
5547.5880
5308.8879
5215.7887
5350.8492
5243.6944
5262.0910
5674.5373
5248.5513
5182.4063
5587.9020
5246.1765
5163.1395
5716.9835
5261.5081
5195.9077
5643.3287
5316.1611
5209.8010
5582.5853
5259.8518
5209.1362
5674.8345
5269.3910
5190.5209
5669.6884
5328.8931
5193.2445
5649.4872
5281.1377
5229.8118
5820.0312
5281.5860
5205.1588
5604.5043
5276.1742
5206.7153
5702.3041
5299.9066
5195.7579
5685.8813
5261.4405
5204.3826
5583.1784
5301.1239
5223.9102
5659.4256
5280.7025
5234.3988
5958.3613
5277.3527
5182.7270
5387.1458
5310.0192
5190.1151
5507.4572
5274.4868
5183.7333
5554.2638
5271.2365
5206.7458
5589.5367
5266.8729
5199.4390
5633.2510
5294.0512
5179.9505
5679.9790
5288.5703
5194.3292
5570.7342
5321.5889
5213.0187
5589.7180
5272.1604
5209.2335
5626.7705
5268.0514
5194.7142
5607.7076
5283.5809
5192.4140
5616.0108
5295.1253
5182.2714
5559.2712
5294.3437
5231.2042
5660.8850
5279.9005
5188.9392
