7545.4678
7834.3175
7770.2552
7736.1692
7549.0122
7359.1235
7371.5142
7307.3046
7842.1385
7710.5755
7604.0421
7418.4204
7583.0504
7383.6049
7612.1785
7210.4827
7190.6892
7396.6926
7887.3982
7737.5275
7849.8743
7132.1906
7283.9766
7884.0641
7281.6730
7609.2878
7626.0783
7728.1418
8045.1428
7519.9133
7715.7201
7708.1098
7429.6023
7433.8392
7805.2914
7762.3509
7182.9025
7472.6221
7567.5413
7437.0219
7457.8267
7688.9432
7749.1182
7930.4959
7874.9698
6866.2590
7902.4528
7166.3416
7954.5506
7784.4414
7534.2120
7586.3403
7373.5572
7435.6309
7513.3234
7939.1123
7218.8915
7587.1031
7461.8655
7352.3734
7112.6985
7498.8739
7657.7809
7370.7454
7280.5931
7918.8370
7289.4234
7934.8497
7094.2170
7353.3466
7377.7094
7595.5402
7605.6815
6888.2138
7977.6571
7667.7009
7247.7528
7758.7378
7060.9600
7533.6510
8018.2646
7335.8171
7430.6770
7834.3260
7012.0414
7779.7080
7312.1646
7529.0028
7764.0297
7655.9594
7274.0775
6996.7320
7434.6141
7735.6072
7895.6733
7695.4155
7606.5112
7506.0399
7623.4707
