6081.5261
6225.4683
5700.9732
6125.4674
5732.6831
6049.2143
5680.1856
5787.7267
5906.7638
5747.6799
5952.5296
5941.3614
6066.8294
6194.0496
5961.0633
5880.4450
5847.2546
5436.5667
5979.1548
5850.4309
5933.3413
5975.4134
5812.4605
6462.7726
6423.3915
5919.9850
5798.5493
5641.0252
6068.0062
5836.9013
5934.1824
6636.0025
5828.7580
5486.9794
5832.2296
5667.4456
5958.1551
5986.2031
5676.9542
5809.1243
5980.0484
6425.7192
6322.7153
6410.2538
6563.4668
6195.6937
5724.8295
6406.8193
5812.1744
5663.6115
6002.6466
5867.6043
5864.4335
5971.5217
5877.4656
5797.7113
6112.8682
5939.9230
6038.0405
6171.9376
5528.3372
6113.3632
5890.9651
6016.0764
5961.3580
6064.8726
6166.2067
6115.9350
6447.6888
5812.1549
6056.7970
6454.6514
5814.1593
6229.5102
6265.2274
6422.8555
6154.9196
6102.9244
5899.9382
6070.4806
6211.1092
6082.1894
5794.7816
5789.7556
5987.2517
5874.6768
5746.5948
5955.5910
6125.5633
6016.4554
5929.3975
5898.2052
6213.7913
5775.9214
6104.3265
5861.3533
5764.6954
6205.1157
5882.6916
