7545.5911
7535.9839
6886.5712
6568.7628
6803.0339
7019.7628
6687.8317
6639.8506
7426.4129
6542.3280
7455.7112
7196.0301
6986.0610
7542.8015
7020.0649
7440.1170
6745.7309
6539.8739
6662.1849
6635.1644
7470.1643
6442.4782
7401.8172
7424.7540
6713.6762
6554.5332
6950.1729
7119.1252
7481.6213
7335.9570
7368.7455
6575.5261
6521.5277
6687.2822
6578.0623
7425.3975
7296.6860
6638.7156
6445.6064
6883.5873
6818.7918
6975.8851
6589.7336
7369.9233
7393.2465
6991.7959
7559.3218
6860.0568
6889.5902
7055.0250
7228.1081
7364.3199
6794.6666
6629.8424
7469.8653
6719.8351
7497.4771
7021.4512
7469.8052
7316.0565
7448.3511
6847.5861
7430.2405
7438.9815
6926.5501
6863.6370
7441.3989
7206.6417
7411.6399
6911.7120
7455.4571
7475.8722
6597.2817
6818.8543
7431.0663
7033.1800
7425.4749
7377.8958
6612.5104
6586.3644
6689.6106
7007.0697
7126.9759
7228.6506
7391.0377
7436.4133
7060.8854
6579.8617
7612.3914
6516.6325
7221.8231
7508.8405
6655.8001
7437.8491
6653.9624
6608.4889
7463.5895
6928.7510
7474.9948
