5717.7517
5421.0528
5706.6308
5626.3577
5705.0168
5615.6187
5424.3265
5725.8012
5639.1276
5748.8722
5642.3460
5749.9962
5657.6584
5657.2221
5754.1479
5653.8402
5752.3437
5640.8586
5522.8249
5648.1971
5752.3083
5740.4843
5619.0238
5635.5155
5716.5040
5657.2122
5516.0371
5751.9439
5626.7888
5538.1080
5623.4066
5832.2945
5517.7240
5633.0144
5511.7716
5538.8099
5618.8834
5626.8570
5739.8547
5525.8088
5655.9224
5582.2268
5672.2110
5719.9704
5759.2173
5653.7110
5538.2889
5773.9322
5653.8207
5766.0414
5424.3612
5578.2466
5655.1795
5576.3374
5558.0957
5462.6941
5545.4962
5636.2501
5517.3342
5625.0049
5707.2495
5626.3636
5506.9097
5731.1402
5510.2069
5426.8107
5510.5798
5619.2527
5525.3391
5412.0874
5444.3262
5854.4770
5632.1080
5742.3103
5627.9580
5641.4877
5507.3719
5580.2189
5419.3082
5636.7117
5520.8423
5634.9014
5704.9952
5643.6048
5529.1880
5541.3305
5754.9503
5533.6893
5507.3162
5616.8918
5706.9469
5621.4027
5515.6283
5633.8928
5615.7480
5723.9354
5603.5161
5526.4198
5708.1339
