7542.9463
7291.9452
7277.1965
7221.9448
7298.7449
7317.2428
7287.4766
7343.9373
7299.6511
7255.3527
7341.6477
7255.3884
7243.9173
7404.7681
7282.3958
7266.4994
7246.5678
7332.8797
7159.5476
7284.2898
7292.0694
7241.9678
7220.4937
7316.0712
7350.5175
7307.4413
7195.4897
7188.5752
7271.9777
7324.8567
7260.6940
7315.1876
7347.8062
7286.3346
7225.7100
7246.5284
7328.7263
7516.6448
7226.3660
7473.7680
7296.2504
7294.8002
7245.7609
7247.6288
7222.7363
7396.0931
7244.2257
7306.0465
7102.8650
7539.4298
7231.4352
7233.2628
7412.9791
7210.8214
7389.9204
7278.7185
7159.0052
7293.4942
7315.0410
7211.2863
7273.7607
7180.6725
7312.3057
7318.7048
7122.5046
7215.9093
7200.0751
7299.4093
7248.3552
7281.4935
7151.7714
7190.7037
7222.8582
7238.5751
7278.5915
7204.6794
7213.9433
7214.4264
7315.5077
7273.6095
7217.1557
7315.9237
7326.1726
7241.8447
7236.9137
7183.9313
7222.3083
7203.2941
7199.2267
7326.5077
7295.0493
7314.1083
7251.0375
7271.7564
7221.0389
7357.3055
7331.6783
7261.9384
7207.3357
