5590.1136
5417.9957
5979.1222
6022.2549
5354.3550
5842.6068
5395.5599
5379.9514
5922.5579
5945.3215
5889.3932
5373.3967
5923.7582
5445.8938
5352.1028
5366.3214
5379.0598
5953.8775
5888.7682
5338.6078
5927.0593
5934.6432
5469.7037
5441.3666
5404.4905
5953.1065
5365.7054
5401.0870
5943.9189
5950.6892
5823.2758
5394.7324
5934.8002
5938.8490
5789.7560
5357.9169
5946.1399
6018.8676
5936.2425
5362.1887
5356.1753
5971.0269
5883.4592
5950.4968
5381.8578
5411.3739
5910.9975
5395.8440
5975.2436
5691.3288
5929.2179
6132.7517
5727.1902
6024.8259
5372.0997
5355.5033
5913.5057
5941.3955
5645.0723
5362.8685
5937.3205
5946.2362
5429.9902
5448.9148
5824.7713
5975.0550
5780.1444
5402.9425
5937.9673
5967.7226
5929.9688
6078.0443
5402.7459
5977.8628
5925.9006
6028.3544
5839.6670
5490.5433
5933.4650
5958.2515
5672.0132
5411.5762
5910.9902
5935.4989
5374.6176
5920.9534
5932.8045
6013.8487
5409.7405
5431.4495
5938.5651
6061.3946
5367.8205
5933.8858
5918.7600
5957.4012
5937.0559
5688.7424
5926.3992
