5958.4422
5958.1176
5707.9505
5709.8919
5934.4590
6021.9138
5753.7303
6397.9260
5961.7906
6017.2918
5637.6331
5641.4214
5977.8328
5965.7012
5953.1422
5966.1135
5713.8768
5657.5413
5981.7068
6007.9687
5674.5225
5684.6597
5953.6008
5977.8315
6421.7594
5641.0837
5936.6629
5960.8389
5690.2110
5690.0705
5938.0833
6046.0675
5745.8823
5713.7537
5958.4014
5962.1107
5645.5254
5665.4859
5981.2652
5989.9462
5659.0461
5702.3666
5969.6702
6013.0356
5742.2777
5761.4879
5756.7472
5713.1419
6001.5884
5710.3695
5785.1250
5657.6181
5954.0393
5982.4893
5658.0189
5654.2157
5946.4181
6022.4566
5745.8871
5778.0557
5954.6915
5954.2893
5694.0724
5685.9473
5941.9499
5966.1346
5662.1987
5653.9839
5969.7162
5998.2223
5814.4760
5726.2403
5958.3462
5953.8989
5729.8494
5701.9367
5937.9221
6021.7243
5954.2814
5970.1376
5653.9003
5658.2944
5982.0606
6009.4149
5653.1627
5715.3913
5938.4870
5967.7177
5789.4360
6409.7874
5937.6593
5961.3555
5645.9950
5666.1641
5974.3640
5985.8643
5669.6834
5645.2210
5945.9178
