7170.5864
7083.1431
6561.6469
6481.5886
6211.1506
7094.6403
7090.4004
6205.1270
6307.7121
6472.5129
6250.3021
7073.4524
6362.0471
7016.5789
6622.5364
6377.9167
6256.4470
6287.4444
7024.6306
7115.0796
6676.1362
6430.6164
6276.1899
7086.0338
7120.6588
6179.1242
6651.7499
7133.4679
6241.1559
7043.3133
7066.9333
7183.9820
6499.2820
6250.7528
6256.1745
7105.0622
6925.1476
7136.5815
7081.9067
6142.2851
7033.7250
6377.7990
7105.5573
6596.8705
7159.8111
7038.5026
6293.6620
6979.7707
6347.9506
6212.1550
6420.6137
6169.7667
6535.9867
7016.7139
6849.8122
6615.8474
6444.8585
6458.9815
6229.9855
6972.1305
6868.9815
6643.9545
6495.6638
7122.3315
6299.6531
6584.8935
6591.8172
6681.4281
6506.4861
6243.9956
6406.6187
7047.7426
7076.0326
6683.8668
6472.6712
7001.3606
6714.2496
6358.2029
6858.5755
6665.3721
7055.6743
7139.1633
6580.7511
6684.5134
6828.6061
6576.4289
7072.5627
6244.9947
6434.4177
6430.2481
6307.5447
7038.2141
6438.3224
7078.1193
6224.3062
7012.3725
6292.1252
7083.8057
6367.0843
