7185.5911
7175.9839
6526.5712
6208.7628
6443.0339
6659.7628
6327.8317
6279.8506
7066.4129
6182.3280
7095.7112
6836.0301
6626.0610
7182.8015
6660.0649
7080.1170
6385.7309
6174.8739
6302.1849
6275.1644
7110.1643
6082.4782
7041.8172
7064.7540
6353.6762
6194.5332
6590.1729
6759.1252
7121.6213
6975.9570
7008.7455
6215.5261
6161.5277
6327.2822
6218.0623
7065.3975
6936.6860
6278.7156
6085.6064
6523.5873
6458.7918
6615.8851
6226.7336
7009.9233
7033.2465
6631.7959
7199.3218
6500.0568
6529.5902
6695.0250
6868.1081
7004.3199
6434.6666
6269.8424
7109.8653
6359.8351
7137.4771
6661.4512
7109.8052
6956.0565
7088.3511
6487.5861
7070.2405
7078.9815
6566.5501
6503.6370
7081.3989
6846.6417
7051.6399
6551.7120
7095.4571
7115.8722
6237.2817
6448.8543
7071.0663
6673.1800
7065.4749
7017.8958
6252.5104
6226.3644
6329.6106
6647.0697
6766.9759
6868.6506
7031.0377
7076.4133
6700.8854
6215.8617
7252.3914
6156.6325
6861.8231
7148.8405
6295.8001
7077.8491
6193.9624
6243.4889
7103.5895
6568.7510
7114.9948
