5787.4422
5787.1176
5534.9505
5538.8919
5763.4590
5850.9138
5582.7303
6226.9260
5790.7906
5846.2918
5466.6331
5470.4214
5806.8328
5794.7012
5782.1422
5795.1135
5542.8768
5486.5413
5810.7068
5846.9687
5503.5225
5513.6597
5782.6008
5806.8315
6250.7594
5470.0837
5765.6629
5789.8389
5519.2110
5519.0705
5767.0833
5875.0675
5574.8823
5542.7537
5787.4014
5791.1107
5474.5254
5494.4859
5810.2652
5818.9462
5486.0461
5531.3666
5798.6702
5842.0356
5571.2777
5590.4879
5585.7472
5542.1419
5830.5884
5539.3695
5514.1250
5486.6181
5783.0393
5811.4893
5487.0189
5483.2157
5775.4181
5851.4566
5574.8871
5607.0557
5783.6915
5783.2893
5523.0724
5514.9473
5770.9499
5795.1346
5491.1987
5482.9839
5798.7162
5827.2223
5643.4760
5555.2403
5787.3462
5782.8989
5558.8494
5530.9367
5766.9221
5850.7243
5783.2814
5799.1376
5482.9003
5487.2944
5811.0606
5838.4149
5482.1627
5539.3913
5767.4870
5806.7177
5618.4360
6238.7874
5766.6593
5790.3555
5474.9950
5495.1641
5803.3640
5814.8643
5498.6834
5474.2210
5774.9178
