5618.7517
5322.0528
5607.6308
5527.3577
5606.0168
5516.6187
5325.3265
5626.8012
5540.1276
5649.8722
5543.3460
5650.9962
5558.6584
5558.2221
5655.1479
5554.8402
5653.3437
5541.8586
5423.8249
5549.1971
5653.3083
5641.4843
5520.0238
5536.5155
5617.5040
5558.2122
5417.0371
5652.9439
5527.7888
5439.1080
5524.4066
5733.2945
5418.7240
5534.0144
5412.7716
5439.8099
5519.8834
5527.8570
5640.8547
5426.8088
5556.9224
5483.2268
5573.2110
5620.9704
5660.2173
5554.7110
5439.2889
5674.9322
5554.8207
5667.0414
5325.3612
5479.2466
5556.1795
5477.3374
5459.0957
5363.6941
5446.4962
5537.2501
5418.3342
5526.0049
5608.2495
5527.3636
5407.9097
5632.1402
5411.2069
5327.8107
5411.5798
5520.2527
5426.3391
5313.0874
5345.3262
5755.4770
5533.1080
5643.3103
5528.9580
5542.4877
5408.3719
5481.2189
5320.3082
5537.7117
5421.8423
5535.9014
5605.9952
5544.6048
5430.1880
5442.3305
5655.9503
5434.6893
5408.3162
5517.8918
5607.9469
5522.4027
5416.6283
5534.8928
5516.7480
5624.9354
5504.5161
5427.4198
5609.1339
