5325.1136
5152.9957
5714.1222
5757.2549
5089.3550
5577.6068
5130.5599
5114.9514
5657.5579
5680.3215
5624.3932
5108.3967
5658.7582
5180.8938
5087.1028
5101.3214
5114.0598
5688.8775
5623.7682
5073.6078
5662.0593
5669.6432
5204.7037
5176.3666
5139.4905
5688.1065
5100.7054
5136.0870
5678.9189
5685.6892
5558.2758
5129.7324
5669.8002
5673.8490
5524.7560
5092.9169
5681.1399
5753.8676
5671.2425
5097.1887
5091.1753
5706.0269
5618.4592
5685.4968
5116.8578
5146.3739
5645.9975
5130.8440
5710.2436
5426.3288
5664.2179
5867.7517
5462.1902
5759.8259
5107.0997
5090.5033
5648.5057
5676.3955
5380.0723
5097.8685
5672.3205
5681.2362
5156.9902
5083.9148
5659.7713
5710.0550
5515.1444
5137.9425
5672.9673
5702.7226
5664.9688
5813.0443
5137.7459
5712.8628
5660.9006
5763.3544
5574.6670
5225.5433
5668.4650
5693.2515
5407.0132
5146.5762
5645.9902
5670.4989
5109.6176
5655.9534
5667.8045
5748.8487
5144.7405
5166.4495
5673.5651
5796.3946
5102.8205
5668.8858
5653.7600
5692.4012
5672.0559
5423.7424
5661.3992
