7216.4328
7285.6322
7151.2449
7146.4002
7319.2238
7322.5126
7191.0032
7150.5022
7322.8048
7354.7210
7286.7973
7318.8986
7146.3401
7170.3739
7246.0693
7271.2315
7150.8366
7198.7008
7277.5225
7308.2934
7147.0128
7143.0338
7310.0307
7266.8321
7142.6099
7198.6428
7143.0530
7142.1319
7274.3321
7306.8889
7146.8517
7182.9952
7286.6134
7293.8695
7154.7037
7233.9144
7258.9792
7302.2904
7154.7811
7158.5024
7258.7322
7338.5005
7346.7346
7291.4743
7139.0465
7202.5562
7398.4641
7298.7075
7150.9424
7155.2043
7291.2635
7314.1567
7159.1127
7155.0947
7294.6986
7255.3640
7155.0617
7211.0787
7347.2280
7867.1397
7146.3900
7279.0536
7303.1696
7294.9829
7151.5397
7139.0086
7286.4048
7382.6925
7135.1196
7195.5714
7295.0398
7290.4518
7163.4060
7151.3423
7135.1894
7167.0437
7987.4489
7318.8480
7139.4206
7194.8152
7334.6520
7422.8110
7150.5011
7134.5465
7331.3549
7370.7870
7167.0477
7147.0147
7350.6910
7378.8951
7151.1661
7166.9028
7362.7162
7291.4751
7095.9792
7213.5790
7342.9868
7355.1929
7154.7996
